20
    0.7111111283302307,
    0.6739130616188049,
    0.6590909361839294,
    0.6853932738304138,
    0.6627907156944275,
40
    0.7037037014961243,
    0.6962025165557861,
    0.6666666865348816,
    0.6626505851745605,
    0.6419752836227417,
60
    0.6056337952613831,
    0.695652186870575,
    0.7142857313156128,
    0.6842105388641357,
    0.6521739363670349,
80
    0.6393442749977112,
    0.6964285969734192,
    0.688524603843689,
    0.6545454263687134,
    0.7368420958518982,
100
    0.6666666865348816,
    0.6730769276618958,
    0.6415094137191772,
    0.6458333134651184,
    0.6382978558540344,
120
    0.6341463327407837,
    0.6666666865348816,
    0.6666666865348816,
    0.7317073345184326,
    0.6739130616188049,
140
    0.5862069129943848,
    0.6666666865348816,
    0.7407407164573669,
    0.6764705777168274,
    0.7222222089767456,
160
    0.75,
    0.6190476417541504,
    0.529411792755127,
    0.8333333134651184,
    0.5882353186607361,
