20
    0.8714691996574402,
    0.8808169364929199,
    0.8814265131950378,
    0.8721804618835449,
    0.8803088665008545,
40
    0.873094916343689,
    0.8777687549591064,
    0.84820157289505,
    0.8696402907371521,
    0.8803088665008545,
60
    0.8793944120407104,
    0.8792928457260132,
    0.8715708255767822,
    0.8781751394271851,
    0.8751270174980164,
80
    0.8732981085777283,
    0.8690307140350342,
    0.8818329572677612,
    0.8761430382728577,
    0.875635027885437,
100
    0.8702499270439148,
    0.8627311587333679,
    0.8663889169692993,
    0.8735013008117676,
    0.8676081895828247,
120
    0.8754318356513977,
    0.8706563711166382,
    0.8677098155021667,
    0.8708595633506775,
    0.8712660074234009,
140
    0.8721804618835449,
    0.863645613193512,
    0.8673033714294434,
    0.86618572473526,
    0.8743141889572144,
160
    0.8673033714294434,
    0.8680146336555481,
    0.864458441734314,
    0.8635439872741699,
    0.8709611892700195,
